image: octomap2d.pgm
resolution: 0.050000
origin: [-7.200000, -8.850000, -nan]
negate: 0
occupied_thresh: 0.65
free_thresh: 0.196

