image: octomapwarehouse.pgm
resolution: 0.050000
origin: [-6.850000, -4.600000, 0.0]
negate: 0
occupied_thresh: 0.65
free_thresh: 0.196

